"V1" "V2" "V3" "V4" "V5" "V6" "V7" "V8" "V9" "V10" "V11" "V12" "V13" "V14" "V15" "V16" "V17" "V18" "V19" "V20"
"1" -0.745029360266859 0 -0.000319762422050743 -0.0058753687854109 -0.00781045210951864 -0.0098134466682869 -0.0118408275060312 -0.0129483465793908 -0.0135758307059861 -0.0143661394223456 -0.0150410508907826 -0.0153652249174467 -0.0155358559743503 -0.0158728796841597 -0.0160394939133479 -0.016516952426121 -0.017049666717508 -0.0176528203508482 -0.0180200116346793 -0.0184944987730885
"2" -0.0471781038721389 -0.0501093718513346 -0.0533503216443689 -0.0592003971621974 -0.0629727026450247 -0.0659432140016846 -0.066761483645032 -0.066761483645032 -0.066761483645032 -0.066761483645032 -0.066761483645032 -0.066761483645032 -0.066761483645032 -0.066761483645032 -0.066761483645032 -0.066761483645032 -0.066761483645032 -0.066761483645032 -0.066761483645032 -0.066761483645032
"3" -0.471126113411845 0 0 0.0116522645942297 0.0182357947464628 0.0220122192102032 0.0259199581416808 0.0294915024515044 0.0332211327997495 0.0363371428103324 0.0390564785654225 0.0408297216785477 0.0426310617688104 0.0437175228850255 0.0445818877266081 0.0454321516363578 0.0471097185699998 0.0492804032260868 0.0516350746250993 0.0531045036079775
"4" 0.284171572992954 0.269826635065261 0.259750824511021 0.255466727988722 0.2513808143764 0.247886408203046 0.244213228651527 0.240681739908556 0.232777044668684 0.226339716519575 0.224170915260462 0.221158711090248 0.218261618428934 0.215787589963603 0.214157139639505 0.212483735200837 0.211662317500672 0.210036910612154 0.208942709009835 0.207439027591967
"5" 1.21693715102433 0 0 0 0.00236956615513287 0.00522423975449928 0.00802388617716607 0.0112108831031538 0.0150682531004647 0.017721938815546 0.0193011109145547 0.0203616242823453 0.0218369284121003 0.0236856323933037 0.0251068319953973 0.027001286843323 0.0290785236171844 0.0309662542336791 0.0328098189233058 0.0343018557811871
"6" 0.788279089735062 0 0 0 0 -0.00237736068784485 -0.00374806524539099 -0.0044624214582123 -0.00500789859478895 -0.00529738949435728 -0.00587563422966511 -0.00640293353846341 -0.00753991185222168 -0.00874318861227795 -0.0094721269402313 -0.0103083099982623 -0.0115806552058347 -0.0119158351150865 -0.0122657669857256 -0.0124189934918657
"7" 0.403348518863449 0 0 0 0 0 0.00125204008231134 0.00240735750133298 0.00408384759220241 0.00550165001852225 0.00671965447839027 0.00771259552606034 0.00993460690341859 0.0122834629128809 0.0143676150609011 0.0161403519417628 0.0167122935708876 0.0172189967533707 0.0179501813711617 0.0187546148165963
"8" 1.14168027535144 0 0 0 0 0 0 -0.000583549834348985 -0.0013457125031055 -0.00176774751112486 -0.00272904323044864 -0.00327426611459279 -0.00381060511217662 -0.00397715066827784 -0.00418813585300568 -0.00418813585300568 -0.00468600508453893 -0.00468600508453893 -0.00468600508453893 -0.00468600508453893
"9" 0.540391316233978 0 0 0 0 0 0 0 0.000283486437650234 0.00119588371047367 0.00223341030671732 0.00240735750133298 0.00322078193169155 0.00408917880295026 0.00584015866084524 0.00688122931518535 0.00702138977842519 0.00752845597600082 0.00784507285689661 0.00863667183435638
"10" -0.0197148273181942 0.0265377442206438 0.0390788078320648 0.0447986630722752 0.0500484239565608 0.0542272553809284 0.0581258389840372 0.0615729077582734 0.0642556495391829 0.0659466200974173 0.0677842766819641 0.0689250639563919 0.0699440924723002 0.0707682738737647 0.0713749263698181 0.0722691271317417 0.0731554903692918 0.0743560659450879 0.0754981039280289 0.0762051216117383
"11" -1.47608227438662 0 0 0 0 0 0 0 0 -0.0005016424870668 -0.0005016424870668 -0.00101706797034859 -0.00176774751112486 -0.00176774751112486 -0.00176774751112486 -0.00176774751112486 -0.00176774751112486 -0.00176774751112486 -0.00176774751112486 -0.00176774751112486
"12" -0.0639561065803357 -0.0801450385606592 -0.0827444727894682 -0.0859475853262266 -0.0879789623974612 -0.0898516861331471 -0.0907996123308576 -0.0907996123308576 -0.0907996123308576 -0.0907996123308576 -0.0907996123308576 -0.0907996123308576 -0.0907996123308576 -0.0907996123308576 -0.0907996123308576 -0.0907996123308576 -0.0907996123308576 -0.0907996123308576 -0.0907996123308576 -0.0907996123308576
"13" -0.764794288192498 0 0 0 0 0 0 0 0 0 0.000283486437650234 0.000283486437650234 0.000798933504565 0.00150001613474815 0.00210916438658546 0.00240735750133298 0.00273978563451979 0.00337279822549461 0.00380023433976378 0.00455744184664389
"14" 0.144416658326908 0.104867611325272 0.10041129040269 0.0989175400764748 0.0981038000337898 0.0991185232856354 0.0992668709998611 0.0999186936925509 0.100309997806434 0.100377872841979 0.100522306622899 0.100401780684834 0.100286006755075 0.100262340919592 0.100433198843033 0.10090144355407 0.101074205109611 0.101463294147158 0.101651485773109 0.10184027228934
"15" 0.85010972250424 0 0 0 0 0 0 0 0 0 0 0 -0.0005016424870668 -0.0005016424870668 -0.0005016424870668 -0.0005016424870668 -0.0005016424870668 -0.0005016424870668 -0.0005016424870668 -0.0005016424870668
"16" 0.217072608094602 0.215060527553337 0.214389433147007 0.209749261911155 0.205480294616666 0.20054059499271 0.196633394295738 0.192362953557649 0.189280408583927 0.18416124108304 0.181429339765536 0.178403103350169 0.175539201947278 0.175034507410105 0.173986749576426 0.172513580107979 0.171588548883962 0.170867294454008 0.169673311683492 0.168940113249352
"17" 0.623935020155979 0 0 0 0 0 0 0 0 0 0 0 0 0.000283486437650234 0.000283486437650234 0.000283486437650234 0.000798933504565 0.00135548348876733 0.00179648732511919 0.00210916438658546
"18" 0.892800903437078 0 0 0 0 0 0 0 0 0 0 0 0 0 0 0 0 0.000283486437650234 0.000283486437650234 0.000283486437650234
"19" 0.318770198810243 0.317497090006782 0.317497090006782 0.30787880265367 0.30787880265367 0.30787880265367 0.300752413044098 0.280872870964811 0.271378567400587 0.269826635065261 0.269826635065261 0.267639488187207 0.263908383974487 0.258604684078161 0.257418227986294 0.255216052503255 0.252334313209052 0.25046803469709 0.25046803469709 0.248690842179918
"20" -1.87532218656729 0 0 0 0 0 0 0 0 0 0 0 0 0 0 0 0 0 0 0
"21" -0.489322094617993 0 0 0 0 0 0 0 0 0 0 0 0 0 0 0 0 0 0 0
"22" -0.224976059068642 0 0 0 0 0 0 0 0 0 0 0 0 0 0 0 0 0 0 0
"23" -0.0469721041518383 -0.0403770688257796 -0.038288538835886 -0.0378855706942487 -0.0369637606419668 -0.0374978679981722 -0.0374978679981722 -0.0382784309556583 -0.0391659921633409 -0.0396332327988215 -0.0396332327988215 -0.0396332327988215 -0.0396332327988215 -0.0396332327988215 -0.0396332327988215 -0.0396332327988215 -0.0396332327988215 -0.0396332327988215 -0.040018650793315 -0.0404337766063057
"24" 0.43187568593345 0 0 0 0 0 0 0 0 0 0 0 0 0 0 0 0 0 0 0
"25" -0.0270764863502677 -0.0296191850248135 -0.0233703938723438 -0.0203318510004249 -0.0198431636275914 -0.0204706121232778 -0.0213340041609761 -0.0225683840003613 -0.0235306516357427 -0.0245188567115242 -0.0256382696869699 -0.0262934580658098 -0.0262934580658098 -0.0262934580658098 -0.0262934580658098 -0.0262934580658098 -0.0262934580658098 -0.026565959844751 -0.0269279135696222 -0.0275342594574449
"26" 0.428288337600996 0 0 0 0 0 0 0 0 0 0 0 0 0 0 0 0 0 0 0
"27" 0.541198377961582 0 0 0 0 0 0 0 0 0 0 0 0 0 0 0 0 0 0 0
"28" -0.514014106133965 0 0 0 0 0 0 0 0 0 0 0 0 0 0 0 0 0 0 0
"29" 0.163866493587272 0.171710355775843 0.161947542102709 0.154564582600564 0.150567722181718 0.147285840958542 0.144367863784318 0.14135729763633 0.139453729903367 0.138074801447399 0.136527358936314 0.13540721598428 0.134230012113609 0.133856963549917 0.13360259394233 0.133028551097348 0.132372816172674 0.13222827042446 0.131948503342242 0.131808252341074
"30" 0.324416524626501 0.328417759057671 0.328417759057671 0.328417759057671 0.328417759057671 0.328417759057671 0.328417759057671 0.321137313023745 0.321137313023745 0.321137313023745 0.321137313023745 0.321137313023745 0.321137313023745 0.321137313023745 0.321137313023745 0.321137313023745 0.31301354175467 0.31301354175467 0.31301354175467 0.31301354175467
